7.41329
7.49192
14.2699
8.81097
8.70954
21.8349
25.4639
29.1158
27.7124
41.5845
41.5636
46.4722
50.2905
61.0866
56.9521
62.1186
63.7055
64.6697
64.3206
75.1026
79.5852
73.2462
68.5296
70.1075
75.7151
84.9715
85.1437
62.4016
67.3192
69.5784
65.5839
73.1809
77.788
77.5949
78.5541
73.4381
71.2988
73.9873
73.8011
73.6571
70.6208
67.7926
67.7625
68.9504
77.2678
81.2561
83.1621
77.7918
79.2764
87.5931
84.2709
88.7941
90.7673
92.1696
91.3682
96.4424
96.0992
89.4349
90.6772
94.0068
98.266
99.9341
94.7115
99.3868
101.426
100.438
84.0121
83.461
85.3465
85.5751
83.0935
66.9525
62.404
63.9851
67.802
71.826
72.8079
74.1808
79.3267
80.9049
88.4808
86.7292
89.1552
91.5714
92.6379
93.0285
97.0689
99.3497
95.9429
87.7885
92.5986
94.2052
103.532
104.888
124.345
124.691
109.135
109.778
115.716
117.708
116.013
121.36
121.866
124.235
140.265
132.978
136.138
137.025
142.833
147.65
144.166
149.944
151.698
146.534
146.633
160.065
163.351
160.115
162.649
165.221
165.563
170.832
169.98
159.647
151.811
154.393
156.172
161.666
163.537
164.281
163.859
157.289
157.618
158.878
160.376
165.724
158.852
144.572
141.384
133.352
125.863
120.395
119.847
114.956
115.749
123.05
119.919
120.1
123.819
115.419
113.015
114.945
112.005
93.8888
98.1638
97.9444
101.548
101.964
103.164
98.6129
96.5854
84.9689
85.9461
78.5593
78.6381
79.6423
79.8229
80.0139
78.7033
87.459
93.9981
95.0361
101.449
98.8589
96.659
95.5068
108.738
98.9964
97.2014
97.6227
108.802
110.241
113.635
113.583
105.661
106.334
109.156
98.7196
107.455
111.284
113.018
108.49
105.226
110.016
107.375
109.577
100.68
99.4061
100.956
101.482
109.651
114.783
113.58
119.136
112.973
114.019
104.242
103.216
103.846
89.9105
87.0904
89.0038
88.221
82.7253
64.1319
62.6482
57.733
57.3674
58.235
61.163
48.6742
29.3275
28.0271
29.7959
34.1704
41.8789
42.7299
49.6136
37.1775
23.4766
23.8645
27.2546
21.8707
22.866
27.4129
24.1882
27.6399
29.4527
37.2911
39.216
41.9169
47.6044
48.4551
49.0715
46.5923
47.5211
51.2152
46.0212
49.0729
42.7993
42.8008
45.326
45.8684
46.5588
52.9644
52.0205
54.3309
66.7398
67.6346
61.8952
52.772
48.6452
50.6463
52.9588
66.1678
66.273
65.9471
68.294
73.5028
62.0858
60.2051
58.6439
62.2587
65.5376
65.9006
64.1091
60.6913
69.1577
71.665
69.0414
64.6229
66.5093
57.0653
64.4052
61.917
64.0066
66.325
66.7836
66.9643
71.3859
73.14
79.7124
80.8303
81.6662
82.9555
72.5656
67.0492
68.9228
65.5927
69.7665
65.3718
66.1564
65.2396
63.1525
68.5671
72.5629
61.8521
64.3912
60.6157
57.8572
57.5362
53.8877
57.2249
63.3305
64.9742
67.9394
62.0339
63.2607
66.2144
75.1854
76.509
67.268
70.2534
71.9379
78.4568
72.1967
66.5324
67.2832
70.1415
73.8127
66.666
67.4433
67.6709
64.6987
65.7442
67.6476
65.7416
65.849
68.9739
67.0935
56.3343
59.7806
57.0381
55.8385
56.1297
59.5959
69.3761
71.6713
76.9085
71.8463
72.8454
64.3614
65.1848
69.0419
70.4766
68.4643
61.9979
65.9086
69.6694
81.8885
86.6224
80.7605
79.3582
96.5327
108.166
107.457
103.698
107.07
104.632
101.514
104.772
100.932
108.755
104.368
109.274
115.922
105.272
106.154
108.046
111.783
108.114
104.32
110.249
111.987
111.63
107.962
108.038
115.78
120.7
111.13
106.031
106.749
93.4302
90.026
89.255
88.1588
83.1878
84.9183
84.1691
84.1914
88.8341
89.7939
89.5803
90.2533
92.9764
99.5006
101.584
107.722
104.926
108.006
106.609
110.309
111.442
9.85411
12.12
11.0389
14.9919
17.2828
23.745
22.6649
33.4079
45.9235
47.9316
50.9555
3.65587
2.51102
0.0103709
1.65708
1.53435
8.79141
4.75736
6.4024
4.25272
50.9627
49.8441
10.3409
11.3831
13.9521
14.5853
14.7679
15.9159
14.3037
13.8798
17.991
23.3749
27.335
37.3845
32.8545
28.6604
30.8534
31.3207
25.2818
23.9385
23.3741
28.3569
26.1757
5.42168
13.0496
13.2764
16.4916
10.3948
14.4504
14.7816
21.5598
26.3998
28.8567
36.6337
31.5885
32.5263
37.8105
40.5607
44.8258
40.0865
46.7905
41.6171
41.638
43.0324
51.1774
55.9646
58.1635
48.1188
49.8422
21.9582
15.0165
18.4575
11.69
114.046
115.23
109.025
100.912
101.3
105.783
106.186
105.227
108.023
108.79
113.441
114.639
116.001
116.535
106.293
103.141
112.028
116.881
109.083
109.694
110.355
108.556
108.765
105.173
105.633
88.0796
89.9082
87.1815
88.6783
92.8969
94.8083
96.3652
98.6119
105.373
101.451
102.172
103.459
104.224
106.365
95.7256
95.4056
80.572
80.1484
91.9463
101.083
94.2182
94.1517
95.745
92.4788
91.6492
91.5274
96.003
100.234
99.007
99.8737
101.135
89.5727
91.7496
91.945
92.9813
96.9006
98.1349
97.133
95.3936
91.8124
94.5429
94.6734
95.2931
97.4606
98.9623
113.413
118.916
115.663
102.236
104.361
100.209
100.738
106.288
108.166
111.73
112.003
115.117
116.825
114.51
104.656
108.873
117.176
118.565
120.04
126.476
131.192
128.97
124.825
137.015
137.788
149.415
153.541
148.121
148.593
146.982
139.033
145.971
147.133
148.059
146.65
146.89
146.907
148.721
149.356
151.028
153.114
148.057
121.479
123.229
124.867
131.092
134.653
119.331
111.875
112.882
108.367
108.744
104.177
109.409
111.273
119.375
123.712
120.631
114.999
114.305
116.201
112.341
108.38
110.727
93.4085
96.662
103.43
104.91
108.485
105.362
110.595
107.064
110.702
108.549
111.121
115.985
116.418
117.621
117.871
118.683
118.907
116.683
120.904
115.921
113.49
100.57
100.961
94.2079
93.9659
97.5709
92.6532
93.5642
87.0352
84.3093
74.2069
53.4007
53.9632
49.5039
52.9057
23.825
27.5694
25.7651
29.318
26.5857
24.8585
6.70601
6.72894
12.1257
12.5329
11.6931
6.04531
8.94052
10.6633
4.42824
8.54675
13.075
14.7212
22.4627
23.3559
19.4314
22.8859
24.0845
43.4504
43.4703
44.7066
52.1761
49.741
49.7603
47.9331
50.7791
51.5593
56.5244
60.9651
64.7963
63.2202
66.58
62.6727
63.277
66.1046
69.3468
70.6534
69.0443
67.7185
60.9034
68.6853
68.984
66.4301
66.4078
66.9118
72.1287
65.0386
63.9396
73.6564
68.5398
69.0575
70.8904
70.3807
73.3385
79.4935
79.4881
88.4119
90.109
91.0883
95.6202
105.906
111.94
115.076
116.458
119.39
126.794
113.542
119.1
120.778
126.79
129.502
138.091
141.197
142.033
145.964
146.395
148.723
151.369
153.39
159.544
163.314
147.17
147.665
168.063
169.203
141.92
152.41
152.993
157.044
158.268
162.843
0.172015
0.0339037
2.04996
0.196638
1.59812
2.36842
1.54119
160.927
164.318
158.429
164.913
168.015
160.131
164.133
164.555
156.456
157.306
134.453
140.171
142.228
143.475
147.314
150.641
149.195
148.097
141.899
148.161
143.469
147.016
155.032
150.388
152.008
152.967
151.571
153.869
129.897
131.156
127.302
125.356
129.154
128.062
127.214
130.852
131.263
127.577
122.254
127.079
137.863
130.533
130.307
117.681
111.806
114.779
108.516
104.768
118.065
120.706
113.121
100.869
102.73
103.149
104.141
105.344
102.232
107.145
104.303
104.625
105.177
106.533
111.899
102.388
104.683
106.346
105.407
113.225
103.437
104.556
113.032
115.349
118.466
115.354
116.797
117.085
114.356
99.4761
93.3098
85.52
87.7235
89.3511
87.8813
88.8379
88.9634
89.5627
90.3016
89.2506
89.252
89.9918
88.9603
77.1728
78.9899
88.489
89.5215
89.2017
91.8342
92.5628
91.7133
82.2157
84.1278
83.9152
84.1159
84.6518
86.7059
86.6046
88.7368
95.5881
96.576
105.249
108.074
109.616
107.047
103.002
111.369
110.227
114.474
110.499
113.61
118.982
121.615
123.64
127.867
129.949
130.401
130.393
130.403
130.933
130.966
128.127
128.677
134.605
134.927
136.408
121.921
121.204
122.772
121.202
122.194
123.341
126.099
131.598
112.247
102.989
102.346
102.745
105.303
106.386
107.084
107.251
124.214
118.474
127.477
123.671
129.264
138.863
130.643
128.329
114.039
118.344
117.488
108.145
104.719
107.058
107.166
112.62
104.692
101.799
91.6563
91.2304
80.9514
81.5865
80.5221
81.0678
87.9163
88.133
88.9739
87.1011
86.4745
87.5097
95.0825
95.2471
98.7692
98.8268
101.909
105.481
105.212
110.71
109.441
96.3089
95.1046
95.1126
94.6386
84.3035
85.3984
65.5453
58.2311
50.2252
46.4854
51.2774
52.703
57.3748
66.6012
71.9643
64.8635
64.3275
60.8789
66.4054
79.1001
82.3809
78.6961
87.5828
79.5082
71.4806
73.5584
75.5839
76.6636
81.3598
96.2735
96.1333
96.9185
96.9376
88.815
91.8948
93.5803
95.5282
92.7859
101.184
84.4198
87.6771
89.8703
88.9655
90.2506
87.7802
87.7857
80.1491
81.703
82.2084
85.3215
89.8847
89.8967
87.0604
74.4625
75.6064
68.7426
67.7812
70.5503
65.1631
64.6995
49.4667
43.9297
42.4656
44.042
41.3146
40.6888
46.8055
50.8459
48.3308
53.0606
54.3465
61.8673
64.2395
66.1793
63.4344
48.4406
54.023
50.0922
50.6006
48.292
48.8126
49.4775
58.0768
57.5161
53.2349
67.8806
70.2035
65.8071
70.7612
73.6483
75.7874
72.4011
73.6965
67.2483
65.1156
66.8963
69.6921
70.0295
74.8851
81.0088
77.552
77.3427
76.6394
78.1466
84.8652
86.9026
81.4172
79.9343
84.4197
82.4058
85.9773
84.0009
86.1036
96.4588
92.1792
70.9343
61.3736
63.6237
63.7601
65.4395
64.0353
67.5369
70.8343
64.4332
57.5134
57.4666
45.3194
33.5801
31.4557
18.6929
24.2542
31.8298
20.3941
22.2343
19.0453
20.7824
22.8251
29.1369
25.2719
11.8834
17.625
18.474
18.8121
23.338
27.5364
29.7733
33.1119
36.9393
37.8976
42.6248
44.0631
50.5117
47.7145
31.7875
31.8851
23.5257
24.5586
39.9603
34.4379
33.5416
34.8502
36.1885
28.8517
20.7036
15.5311
16.7767
21.0258
25.0243
20.5947
19.3649
15.8604
19.0927
21.3755
22.6633
24.0355
26.0241
8.60698
15.5316
16.195
13.9283
16.6376
19.5155
22.1364
41.4988
44.6722
44.539
51.6415
49.6229
50.6268
55.845
57.8617
62.4437
74.0046
64.6742
66.033
57.711
69.4158
74.1258
77.9173
76.9826
80.3579
68.8637
71.3746
67.1598
64.7062
65.5423
69.5319
63.5792
78.0959
79.1224
81.3731
78.3743
81.343
82.2348
84.1629
86.2876
90.4214
92.37
96.0236
94.6385
94.764
101.263
102.051
96.707
86.4678
80.752
83.128
81.1307
81.213
64.2624
66.7019
63.7836
64.0911
49.2511
50.9399
54.8045
61.6675
63.933
64.5995
63.6734
64.0142
64.3045
56.0695
57.0351
58.9739
58.2855
59.0582
57.9719
63.8154
64.3723
65.041
65.9661
71.3152
69.8645
72.5668
75.6672
81.9267
82.4304
86.2633
81.0403
90.8321
77.7626
81.9991
83.7143
85.8387
81.6239
81.14
79.1205
79.0348
78.1735
86.4745
87.6181
80.3332
82.575
83.0767
83.4359
81.6147
86.58
74.8492
75.4701
76.3583
80.4141
80.1186
74.8778
74.9872
76.4053
75.6449
81.5653
67.4368
67.4643
72.902
68.7041
70.8948
79.5421
88.9314
87.7498
89.6883
103.663
105.538
109.107
114.537
120.043
117.151
120.179
110.961
115.307
116.651
117.465
113.459
115.919
116.789
111.944
116.493
114.094
101.564
103.734
109.833
110.67
115.276
116.089
117.467
118.137
111.434
105.262
98.6091
102.161
58.0575
65.4316
66.804
72.6882
74.1533
68.0085
68.6279
69.0346
69.477
70.6178
67.384
70.6094
72.2167
64.4315
65.6761
65.7006
50.8065
44.1536
51.8026
52.8862
62.0447
63.2425
74.9323
86.6912
89.7813
88.7822
67.8808
69.2552
58.1984
58.9756
62.9392
73.0987
69.1663
67.697
70.7379
71.9903
67.4107
61.0724
59.1473
58.9925
62.8864
65.5337
65.0589
71.3819
68.7031
69.0915
59.4273
59.5438
59.6213
57.1585
59.3227
59.5771
42.5487
40.8806
41.9237
53.9506
16.1167
14.8224
2.75658
5.96203
3.8658
8.76015
14.8991
14.0452
24.5781
27.753
26.0422
27.1083
35.9967
41.9431
45.7347
45.136
35.7096
37.2023
34.368
33.6531
36.6456
33.6887
36.6792
39.7961
41.0223
50.1668
50.4574
59.7664
60.6366
61.7203
73.4147
55.8555
49.7898
51.3691
65.6257
69.956
62.3448
59.8056
59.1672
50.4286
59.534
62.477
67.5707
74.1534
76.1531
0.549223
6.13864
6.15634
2.00659
6.69339
6.87629
3.87048
78.1152
82.7359
70.5018
69.1461
69.8098
72.6206
68.3455
54.3559
60.3611
59.6355
61.3675
65.3334
56.2424
49.0162
38.9443
45.1875
44.3729
42.2842
45.8759
46.1895
49.1859
51.5093
45.1657
56.3801
61.6766
68.6475
73.6048
73.7635
79.8842
80.9865
76.6347
78.8786
82.2274
83.4301
84.1131
82.7341
76.4572
70.013
70.5221
69.2424
64.2274
44.5139
45.1293
37.937
38.3435
38.9758
41.1905
43.951
44.2962
45.1187
47.3124
48.79
52.3312
54.1716
52.453
53.0002
53.8601
55.4259
58.8944
59.4523
50.3575
51.1411
51.5856
52.012
58.3791
61.7746
57.7845
57.2805
56.0089
49.5088
49.5313
50.0927
47.8826
26.3763
26.6223
27.8465
32.6533
31.6865
32.1665
34.186
35.6397
17.1026
33.2675
19.8501
25.2397
24.2411
17.9475
14.5898
12.8108
10.7686
12.4054
6.15423
21.4141
43.5967
36.5719
33.4874
37.9009
29.6767
30.0285
29.6897
29.4951
28.8451
29.4008
26.8906
24.2314
22.7296
28.6315
32.8906
31.8419
38.7018
37.8164
53.1482
57.9587
59.476
66.0067
67.6542
63.6289
74.0783
73.7254
2.21286
3.8008
4.65454
10.5604
0.623186
2.05421
3.4765
2.59644
10.7075
0.911123
9.86416
11.1734
10.536
10.9677
4.24493
5.25375
5.8525
8.35575
12.1817
10.8183
2.49591
12.0982
12.1026
12.5493
12.7303
5.57027
4.87132
7.74225
11.5611
12.3669
14.2493
17.0459
20.011
20.2685
6.81283
6.70912
8.1292
5.77351
2.83232
0.794236
2.21221
5.62075
6.93747
7.22436
4.84674
5.52242
3.57081
63.4541
64.0563
68.3174
69.2427
70.7293
71.3869
75.9171
75.8704
76.1991
66.1532
67.4217
68.2046
74.0045
74.7046
77.787
75.7081
69.7108
66.6373
72.0625
69.9669
69.8284
71.6565
68.5023
69.6013
64.0334
64.0397
65.3666
68.4192
67.2666
58.1904
57.986
55.1286
55.2575
57.3344
51.3272
58.7713
59.1913
41.6889
44.4284
46.4174
45.4426
45.2609
48.0505
44.4587
44.4483
45.1819
49.6541
48.8296
51.6631
61.2609
62.6058
59.2986
61.5465
53.8178
56.2164
56.5312
57.9709
58.4719
66.2257
64.1491
68.2095
69.9009
68.5095
68.1136
67.062
68.3995
68.1699
74.8324
75.84
76.242
62.0036
63.9
70.9402
67.5701
71.3914
75.5093
75.511
88.0239
91.8854
83.2507
79.4684
67.387
51.9693
57.2731
61.3155
65.8964
59.0759
63.1293
66.7084
66.2172
77.0103
77.9663
67.0423
67.019
63.9449
71.3487
70.8219
70.8243
63.7444
64.5289
60.3542
58.5454
60.7694
58.1835
62.2445
71.6648
70.3216
70.4329
52.0654
45.425
45.6983
47.1827
33.8443
32.025
31.7505
31.9875
31.288
29.8962
25.3754
31.09
35.8426
35.8378
31.3566
32.9911
36.641
38.7495
43.3268
37.1748
29.5553
40.9495
41.232
46.5772
46.7501
43.5659
44.119
42.0187
43.9266
45.8539
44.8826
43.663
50.4857
49.3672
44.0449
34.6789
35.1655
22.8276
33.1579
39.4221
45.0045
38.6378
39.1801
41.7646
45.4008
46.1675
47.7698
52.0431
46.7854
47.5095
31.3302
32.9596
33.4111
30.8159
27.561
37.1659
34.4804
32.578
29.3069
21.3518
20.9634
21.7164
16.6522
21.0684
21.2576
21.4002
34.1722
32.2851
23.9508
21.2679
23.625
20.6675
20.5835
22.0442
23.4651
7.08189
7.05273
24.7414
23.209
23.48
25.3772
27.3493
26.5519
30.9696
29.9778
27.1618
34.6188
47.5982
50.4112
51.6822
50.2773
34.7034
31.808
45.9446
45.6346
47.5735
25.026
17.0898
8.52272
9.08198
10.9382
10.8854
10.4125
12.4441
12.8416
15.1214
19.5986
11.6947
16.6909
21.8826
30.8295
30.7228
32.1108
34.7466
34.2047
35.9622
30.6841
27.9085
31.6184
32.802
29.9386
28.7145
27.3754
30.7684
35.8111
45.0236
45.8436
54.0308
48.1947
50.7467
44.0175
32.4586
35.3391
28.2473
29.1564
21.3285
21.3051
26.8258
28.3939
8.66018
11.0458
2.33299
4.57906
4.70646
6.68408
7.1557
1.35787
2.98116
1.08357
0.497989
2.34042
2.55383
4.12229
4.32626
0.247777
0.0713466
3.09872
4.66903
0.369199
9.76102
9.77963
16.0687
20.976
23.5475
18.8678
18.3911
18.3915
21.1613
28.7004
31.5525
30.2076
30.5762
33.59
49.3733
52.9853
49.1316
57.0489
52.0236
49.3014
52.1634
52.8071
52.7594
43.7779
44.6864
46.729
47.0414
49.1436
49.8791
56.5926
2.49399
8.31719
9.98869
4.61838
8.04164
9.19483
8.59008
4.31173
4.78826
6.24352
10.6211
4.10307
3.72256
0.278046
3.26901
52.3137
51.2269
52.8785
45.4756
50.141
48.8726
58.9308
44.4061
52.8495
55.4714
31.4895
31.6403
32.0733
34.7641
38.9512
39.0972
35.925
34.7027
37.0093
35.4466
41.1906
39.145
41.13
41.1045
42.7807
44.3856
45.759
46.7
50.8407
47.4151
53.1205
54.0961
42.7934
26.0474
25.3045
21.5392
21.7708
2.45218
2.64219
1.46676
2.16865
20.7139
8.49549
13.2095
19.3235
20.035
15.8599
8.12915
9.45295
10.0676
12.9897
13.5564
22.9042
27.5053
27.416
34.9926
36.7161
36.2357
36.6988
37.5498
37.8613
24.0143
29.6847
49.5554
42.9836
46.6594
46.85
49.3904
35.9322
38.2439
3.78621
12.6537
14.0911
14.1817
9.54186
12.7589
7.20062
4.64179
6.45889
13.5424
11.9171
13.2422
3.61322
8.34275
0.925399
6.16055
9.85806
10.5553
11.8079
0.500732
1.72529
2.23078
0.493447
6.93043
13.0814
13.2424
12.3892
12.5377
12.282
14.469
3.41741
4.62716
1.31776
2.90289
5.94073
5.98537
21.7394
16.2868
4.84181
7.79731
8.15912
6.10813
39.8895
31.7137
21.1841
15.7362
13.8701
16.5238
19.5695
17.8866
4.38474
7.56647
3.86494
10.8126
11.1124
13.1006
15.1209
6.35725
15.2937
14.5515
13.3034
10.8522
16.2314
14.8113
25.8217
9.50963
20.6277
21.7945
26.6646
28.6839
18.1107
20.4424
21.2879
26.6183
32.5126
35.8083
34.4647
34.9113
23.4456
16.6935
20.2633
0.981911
6.22494
8.89324
6.008
7.06696
6.05189
0.106338
3.94693
9.66528
4.86858
9.1898
10.4439
3.76754
3.43884
16.6059
7.66143
0.174361
6.51255
9.62109
10.8665
13.3671
6.76476
9.27828
15.0414
16.6167
15.4054
0.834651
13.0043
12.833
14.8142
18.0768
18.1832
2.06669
2.57925
14.7632
11.5083
14.7737
17.2186
11.7976
10.1956
5.8922
5.59253
10.6828
9.82615
13.2845
6.43268
4.50718
1.01952
2.95888
1.45781
0.246703
1.45504
2.10414
4.80002
0.639331
1.30742
20.7022
22.0322
17.711
8.28573
6.87257
11.5614
1.59158
3.51402
6.03616
6.93384
22.7919
26.3004
25.5061
26.0481
35.7735
19.1423
24.7185
22.9405
12.6944
16.8163
22.2282
23.0096
2.7733
5.13132
1.45662
9.81452
4.52409
0.225796
0.738479
2.52853
1.23665
13.5202
14.2742
8.88663
9.07165
11.4917
12.7637
5.59106
9.90862
10.5639
15.0609
15.4327
4.72714
5.50696
6.97248
1.20246
1.7053
14.4772
15.4701
14.9594
12.0985
11.0084
11.3361
10.5814
17.7071
17.9015
18.9494
0.603664
1.12525
14.6158
18.5048
22.5402
11.4624
13.5318
14.6279
12.9407
16.9348
18.7917
18.8284
17.3862
19.1574
4.97056
0.0856992
3.41428
9.26119
8.62607
4.36386
8.83002
10.0356
11.7768
18.512
18.6206
22.4393
7.14936
12.5541
13.8686
16.7396
12.4662
16.3524
17.9574
17.9284
23.8564
22.5429
16.1399
14.1488
18.6954
20.2736
22.7301
20.3722
13.0526
15.07
18.1364
8.1103
8.66961
9.14087
8.36111
10.047
12.5472
13.5846
3.51111
6.92905
11.8142
12.0431
15.2687
17.8397
5.68223
12.59
10.9587
11.9096
8.75136
16.6706
11.3858
10.2163
7.33057
7.4438
6.6335
8.8394
24.0001
24.7324
27.7716
2.09703
0.821902
2.36826
14.0404
18.8944
19.2362
12.2095
11.73
11.16
8.84495
5.987
1.41165
5.8312
9.16388
9.63783
7.09844
6.18637
2.61799
2.95011
3.05488
12.531
9.88804
12.6834
8.01382
6.81987
2.96351
1.70726
4.48946
1.4036
0.813991
1.00501
8.9604
1.3486
6.49119
2.67427
5.86627
4.64218
3.39542
3.93878
4.48654
2.2171
0.13903
7.3487
5.3479
3.05823
5.7603
5.23518
10.3787
16.2146
19.6043
11.0698
9.70494
11.2918
8.03092
10.0118
22.3813
23.0578
23.3918
8.68618
10.0561
7.9753
7.99059
10.0217
2.22943
0.676953
1.18581
0.306665
0.67235
1.22295
1.37718
0.0822827
10.1766
1.30826
10.9151
14.502
5.34688
0.925384
10.3836
4.07438
13.9033
16.2894
17.6596
0.404567
1.52845
2.25208
16.8126
11.4727
9.95104
10.2373
11.1733
10.1991
10.4085
6.52358
3.07877
6.02392
3.46824
6.5647
0.180527
1.5378
5.20687
4.82627
1.70275
0.390974
8.56525
2.96052
1.67819
4.64697
4.73061
2.77285
4.39126
10.8731
13.2659
13.4919
2.23984
1.61564
1.23296
5.68438
5.69987
3.61938
4.10991
5.37833
4.52565
5.38175
0.316469
3.43267
1.63123
7.51414
1.72646
0.693736
2.53235
3.17289
10.0789
8.17052
4.41099
5.85515
5.42644
6.30707
6.69747
3.66304
3.0792
5.78649
0.535934
1.67728
3.96674
4.7113
4.5083
7.15607
3.22479
3.38186
3.69941
4.96059
6.31136
