4.42824
1.7259
0.369125
0.0103709
2.51102
9.75023
10.1244
10.1734
7.33289
8.13364
8.66847
2.36842
1.59812
36.0931
36.2344
36.3816
0.172015
0.0339037
0.196638
0.129645
1.00393
1.54119
34.5665
35.0745
2.75658
3.87048
0.549223
2.00659
3.02079
2.21286
0.911123
0.473189
0.50191
3.76344
6.18901
0.979392
3.46203
4.28686
6.2618
3.1104
3.84775
2.83232
2.21221
2.10425
12.3863
0.794236
13.0441
13.2465
2.33299
1.35787
0.383509
0.497989
0.18644
2.03333
3.5744
1.13862
2.68408
3.09872
0.247777
0.695591
0.198714
0.0713466
0.369199
1.81168
1.46676
0.278046
4.61838
3.04466
5.40156
22.761
22.8447
22.8439
1.31776
0.925399
1.01638
3.34851
3.90458
4.32968
0.500732
0.99916
0.493447
6.29214
0.274523
2.39929
4.95805
4.96759
5.22701
5.29085
0.174361
2.99959
0.981911
0.106338
2.59146
3.60298
3.92795
3.96592
0.834651
2.2972
2.06669
6.63005
2.95888
3.20566
1.01952
30.639
1.45504
1.45781
0.370692
0.246703
3.43521
29.6839
0.639331
1.96068
0.0856992
2.00395
1.3706
1.23665
17.4844
17.5686
0.225796
0.738479
1.20246
1.12525
0.603664
5.68223
3.51111
2.55629
2.36826
2.09703
7.04504
7.55961
8.80198
0.821902
0.0750911
7.25915
7.62407
8.60745
3.05823
1.41165
3.00132
2.61799
1.3486
1.4036
5.9356
0.323057
1.13056
0.813991
0.0805378
2.35208
2.69861
2.96286
1.16314
2.55857
4.0467
2.49349
2.2171
0.536539
0.13903
13.9551
1.30826
1.32305
0.676953
1.17947
1.10766
3.62959
3.7118
1.05267
3.40615
3.99668
4.58957
5.06353
6.15672
0.565692
0.306665
4.85232
5.59977
0.0822827
8.68073
9.55266
11.3327
11.802
11.6847
0.925384
4.07438
0.729792
0.404567
3.04671
2.08515
0.178591
0.410726
1.5378
1.14351
0.180527
11.4914
14.5473
12.7412
4.42292
5.71504
6.22249
7.6591
7.69712
6.92829
0.390974
2.78103
3.07826
1.61564
1.23296
1.72646
3.43267
0.316469
1.63123
0.693736
0.222463
3.1476
8.66963
9.46972
10.3747
3.0792
10.249
10.3226
0.641792
0.535934
2.37884
3.67672
4.23158
3.27033
3.31795
4.29399
0.264467
6.05535
6.07065
