0.151786
0.539973
1.73041
2.32394
1.40928
0.61516
0.0167356
0.0297326
1.7924
0.636228
4.79024
5.10243
0.715666
1.52463
1.66183
2.27384
1.49398
2.2214
0.0601024
0.32905
1.11877
0.0506631
1.18997
0.185308
1.447
1.52999
0.0671116
0.386477
0.497218
0.00442739
0.0789333
0.281416
1.56386
0.148254
0.0540871
1.02001
1.03507
1.09847
2.09881
0.351366
1.36047
1.50077
0.394125
1.18649
0.0385215
0.535914
0.437351
1.66331
0.124781
1.53581
0.12724
0.183794
0.739447
1.3376
0.468105
0.490816
1.01944
1.04999
1.4261
1.72738
0.46961
0.49588
0.224566
0.230507
0.207322
0.118973
1.80629
1.94211
1.66226
0.75824
0.833554
0.0239737
0.817442
0.981655
0.475799
0.758466
0.165279
0.440077
0.761193
0.976938
1.66751
3.8282
3.83587
0.143964
0.33125
1.09899
1.45597
1.98628
2.07229
2.28267
2.50806
3.66343
0.701954
1.61996
0.377102
0.724909
0.23411
0.21581
0.542521
0.0359054
0.174201
1.25698
1.15161
1.54423
1.64359
0.203738
0.495941
0.548109
0.232574
0.768193
0.127443
0.275112
1.52965
0.781882
0.0724249
0.977696
0.518826
0.706091
3.32245
3.32514
3.92542
1.28278
1.90391
0.196826
0.32341
0.799921
1.2194
0.524328
0.714212
1.7505
4.56057
1.33417
0.0489564
0.349772
0.679266
0.13961
0.612692
0.582657
0.364806
0.176739
0.528483
2.84329
0.676405
1.06179
0.171454
0.160295
1.0501
1.46183
0.586266
0.217928
0.283477
0.0937288
0.527314
0.697803
3.18393
3.4415
3.63683
0.139894
0.704397
2.22014
0.0426703
0.617757
1.13687
1.30213
2.13822
0.0125618
0.134799
0.421575
0.192821
0.131602
0.196929
0.986791
1.27286
0.0676773
0.392357
0.471326
0.925456
1.20186
0.387546
0.670499
0.187584
0.314723
1.7934
2.05869
0.067044
0.0561596
0.0289772
0.609791
0.772439
0.943597
0.19302
0.446824
0.821068
0.955647
1.09634
1.85791
2.29049
0.21628
0.877354
0.617985
0.48241
0.993806
0.191699
0.926517
0.482799
0.553793
0.558451
1.69055
1.85084
1.85447
1.91643
2.49925
0.0339134
0.0455012
0.246048
0.569824
0.582639
0.917153
0.727032
1.07627
0.161092
1.11573
1.64702
0.41448
1.71614
2.96614
0.526537
0.96766
1.67936
3.03665
0.14341
0.324511
2.67967
4.32577
4.26762
2.42881
3.37122
0.0478931
0.111073
2.37967
0.188569
0.339309
0.2871
0.611305
0.868752
1.11431
1.6505
2.09297
1.43203
1.85371
2.25701
0.249656
1.33396
1.49838
0.0708138
0.331312
1.01055
1.01638
1.02654
0.805207
1.4614
2.41938
2.54078
2.7432
3.44558
1.00775
0.261643
0.39399
0.528044
0.568461
0.831448
0.877651
0.047351
0.770637
0.360398
0.549586
1.33752
0.677992
0.606066
0.169583
0.516692
0.940946
0.0166053
1.43316
0.0790695
0.235514
1.14568
0.0818979
0.565941
0.895807
1.06844
0.0523965
1.33332
3.4537
0.892479
2.28676
2.47652
0.77552
1.77643
1.96368
2.56644
2.65421
3.0869
3.23063
0.277273
0.284699
0.142217
0.686265
1.32649
2.06349
2.59759
2.98647
0.193445
0.28063
0.431156
0.861984
0.941682
1.33773
1.53278
1.73696
0.921987
0.419873
1.04019
0.936053
0.0403968
0.565579
1.6941
2.74293
2.16805
0.163185
0.269543
0.712496
1.10413
1.61934
1.47862
1.63544
3.19326
0.641242
1.22643
1.65901
1.29281
1.49257
2.52014
2.61876
0.138351
0.866415
1.02477
1.71909
0.928154
1.4615
0.756818
0.118336
0.845941
0.864762
0.341982
0.633777
1.43612
0.0354985
0.791837
1.67651
3.40231
4.20662
4.82689
3.29531
0.633947
1.21586
1.32932
2.054
0.719566
0.949683
1.26951
3.04053
3.62703
0.526591
0.58101
0.788114
1.9128
2.39897
0.802749
0.685083
0.0691583
0.65385
1.45871
0.597841
0.399706
0.983569
0.391445
0.985986
0.0204371
0.730219
1.28774
0.953006
0.421493
0.1781
1.26951
0.419086
0.502781
0.767448
1.58207
2.06651
0.352106
0.17257
0.237268
0.164393
1.10171
0.182224
1.06024
0.00961518
0.640435
1.23333
2.15528
0.164694
2.78136
4.13392
4.52185
5.21203
2.26446
3.10993
3.73064
1.4434
1.74255
2.22384
0.149055
0.42295
0.692026
0.136218
1.79506
0.246377
0.476011
0.58016
0.803827
0.113251
0.284542
0.455797
0.412882
0.958499
1.13684
1.75908
0.346577
0.381566
0.807784
1.34222
1.76053
0.152505
0.436341
0.801939
1.17723
2.14513
0.199016
1.03622
1.229
0.0291292
0.419109
0.257789
0.791802
1.92699
3.12296
3.13609
2.02495
1.71196
1.80717
1.93003
0.693332
0.989052
1.76092
1.99002
2.2189
2.868
1.2541
