0.151786
0.539973
0.123598
0.99081
0.61516
0.0297326
0.367203
0.165504
0.0167356
0.185308
1.04525
1.49398
0.0506631
0.0601024
5.29517
5.99738
6.00477
0.00442739
0.0671116
0.223679
0.228975
0.760522
0.0540871
0.148254
0.118973
0.0385215
0.394125
0.0628469
0.124781
0.273206
0.12724
0.183794
0.911006
0.266496
0.41211
0.326131
1.125
0.207322
0.649344
0.31436
0.165279
0.253031
0.83056
0.0239737
2.16394
0.0301791
0.122178
0.0780421
1.09899
0.611243
0.377102
0.0359054
0.460408
0.291752
0.23411
0.261624
0.21581
1.15161
0.203738
0.115947
0.718045
0.944161
0.548109
0.480603
0.232574
0.243819
0.127443
0.438016
0.573548
0.0724249
0.781882
0.0514734
1.63764
0.718589
0.518826
0.568347
0.196826
0.799921
0.212563
0.176739
0.0489564
0.574772
0.00533872
0.171454
0.160295
0.527314
0.157281
0.0937288
0.139894
0.548243
0.0575454
0.0426703
0.0125618
0.0189621
0.131602
0.316305
0.196929
0.0289772
0.791492
0.997995
0.681236
1.13362
0.0676773
0.187584
0.387546
0.480526
1.19716
1.00365
0.067044
0.0561596
0.0674369
0.446824
0.19302
1.32289
0.512781
0.530727
0.573006
0.21628
0.191699
0.482799
0.850926
0.14341
0.588619
0.558451
0.0339134
0.0976448
0.0455012
1.13003
2.15329
2.21427
2.45544
1.77004
0.526537
0.41448
0.656674
0.161092
0.0469253
0.223604
0.0478931
0.111073
0.622573
0.468328
0.188569
0.2871
0.805207
0.249656
0.0708138
0.0676209
0.0700098
0.261643
0.124661
0.651617
0.0445862
0.606066
0.160271
0.806967
0.474808
0.0790695
0.0166053
0.0763429
0.0818979
0.0523965
0.892479
0.77552
0.280701
0.142217
0.0953785
2.45679
0.492061
0.193445
1.6941
0.936053
0.419873
0.0403968
0.679876
0.438722
0.979742
0.163185
0.730908
0.641242
0.393787
0.681714
1.06572
0.138351
0.118336
0.223318
0.0354985
1.76697
2.05275
0.633947
0.526591
0.346495
0.417455
0.65385
0.685083
0.0490211
0.572752
0.399706
0.164694
0.1781
0.391445
0.0204371
0.338099
1.17699
0.51494
0.584585
0.502781
0.419086
0.592374
0.316498
0.352106
0.17257
0.164393
0.14762
0.266416
0.00961518
0.152505
0.936524
0.149055
0.213837
0.958499
0.528734
0.136218
0.58016
4.76853
0.124148
0.113251
0.346577
0.199016
0.0677987
0.0291292
0.202983
0.419109
0.215247
0.230166
0.630085
1.35663
1.74143
0.989052
0.693332
