0.2005
1.29776
0.223513
1.99564
1.05013
1.05647
1.29103
0.929488
0.733342
0.773451
0.0826779
5.38385
0.669688
1.42128
7.28117
7.78295
8.80424
4.72986
0.0721728
3.24972
4.4448
6.82201
2.65157
4.14403
9.46376
0.955992
3.29843
3.26365
0.277017
0.857743
1.26532
0.651551
0.418351
1.39141
2.48228
1.97621
6.61395
7.79161
0.851725
0.864635
0.478816
1.39819
6.25861
1.86175
1.72131
3.99757
1.69267
0.194788
1.18625
4.56183
2.41682
2.16251
4.32263
5.60702
1.41359
1.5918
1.04528
0.199475
4.70908
2.41902
2.23394
2.35722
2.40844
0.487819
1.63421
1.332
1.75996
1.36446
2.90714
7.68041
5.88264
9.08892
9.53661
4.52654
3.02573
9.90598
1.03873
1.29742
2.76185
5.27111
5.41622
3.68449
0.667316
0.653206
0.514589
1.50665
0.390723
3.95203
1.00179
0.123624
0.206282
6.63043
3.51814
2.88727
3.1729
9.2663
9.79965
10.1884
4.97053
0.702159
0.863859
0.698913
1.08495
0.186999
1.71739
0.160795
7.3009
3.17573
9.13782
9.53406
7.26927
9.37266
9.82324
3.45667
4.22972
10.7607
0.120647
0.19307
10.1319
11.0996
0.0866432
1.89241
0.161071
0.580313
1.00448
3.78443
9.16334
10.225
3.3809
1.7344
8.26193
3.67751
0.561477
0.840974
0.584475
1.86667
3.04351
1.76156
2.71644
4.77579
