2.01449
1.48337
0.2005
0.827232
1.29776
0.223513
0.855144
1.05013
1.29103
1.27238
1.05647
0.52826
4.92673
4.31219
4.20889
0.929488
0.67603
2.32694
2.45596
0.773451
2.78461
1.28798
0.738634
0.733342
0.238933
0.0826779
6.2458
6.35508
6.32302
6.70474
7.0244
4.72986
4.87879
8.90192
10.2095
10.2703
11.1909
10.627
4.42103
11.6569
0.669688
0.845719
10.7246
10.8675
11.8204
0.479373
0.0721728
3.08769
5.32834
7.23756
3.24972
9.54289
11.0763
11.3301
12.1974
4.4448
2.65157
3.69519
0.53246
0.418351
1.94551
0.277017
0.857743
0.028772
2.28894
0.651551
0.782775
1.54049
1.89018
2.11091
4.25071
4.32752
0.742828
0.478816
0.864635
0.851725
5.20127
5.82695
2.89753
3.18584
2.76158
1.72131
1.18625
0.194788
1.26856
1.29553
3.13087
2.41682
1.41359
0.605267
1.04528
0.199475
5.37349
0.470073
0.487819
2.17566
4.38065
1.63421
0.574542
1.97158
7.58968
7.75421
8.17746
8.2019
1.36446
5.57515
7.24513
7.71612
8.31831
6.13258
7.09702
7.20543
7.33269
7.55872
8.00851
8.44572
3.53805
1.00091
0.674676
2.48379
2.54942
1.03873
1.29742
0.147445
1.0913
1.33179
5.41622
1.66254
0.653206
2.41184
0.667316
0.254794
1.72292
3.39595
0.334218
0.514589
3.83827
0.338366
1.50665
0.390843
0.390723
2.46252
2.49581
3.84808
1.00179
4.82776
0.313115
0.123624
0.866876
1.35399
0.206282
0.702159
0.863859
0.0443605
1.3139
1.33891
0.656366
3.05971
1.08495
1.51645
0.186999
0.720388
0.160795
3.17573
3.45667
3.02163
2.84194
2.12449
0.120647
1.89241
0.0866432
0.422541
0.161071
1.04731
2.22605
7.05517
7.96238
4.70547
7.75842
5.05435
6.72714
7.67137
1.00448
7.28505
4.85469
3.67751
1.7344
5.49953
0.561477
1.35184
1.9749
2.71644
0.840974
1.5561
0.928998
0.584475
3.04351
